/*--------------------------------*- C++ -*----------------------------------*\
| =========                 |                                                 |
| \\      /  F ield         | OpenFOAM: The Open Source CFD Toolbox           |
|  \\    /   O peration     | Version:  2306                                  |
|   \\  /    A nd           | Website:  www.openfoam.com                      |
|    \\/     M anipulation  |                                                 |
\*---------------------------------------------------------------------------*/
FoamFile
{
    version     2.0;
    format      ascii;
    arch        "LSB;label=32;scalar=64";
    note        "nPoints:10826  nCells:5184  nFaces:20964  nInternalFaces:10140";
    class       labelList;
    location    "constant/polyMesh";
    object      neighbour;
}
// * * * * * * * * * * * * * * * * * * * * * * * * * * * * * * * * * * * * * //


10140
(
1
12
3119
4667
2
13
4666
3
14
4665
4
15
4664
5
16
4663
6
17
4662
7
18
4661
8
19
4660
9
20
4659
10
21
4658
11
22
4657
23
2736
4656
13
24
3118
14
25
15
26
16
27
17
28
18
29
19
30
20
31
21
32
22
33
23
34
35
2746
25
36
3117
26
37
27
38
28
39
29
40
30
41
31
42
32
43
33
44
34
45
35
46
47
2756
37
48
3116
38
49
39
50
40
51
41
52
42
53
43
54
44
55
45
56
46
57
47
58
59
2766
49
60
3115
50
61
51
62
52
63
53
64
54
65
55
66
56
67
57
68
58
69
59
70
71
2776
61
72
3114
62
73
63
74
64
75
65
76
66
77
67
78
68
79
69
80
70
81
71
82
83
2786
73
84
3113
74
85
75
86
76
87
77
88
78
89
79
90
80
91
81
92
82
93
83
94
95
2796
85
96
3112
86
97
87
98
88
99
89
100
90
101
91
102
92
103
93
104
94
105
95
106
107
2806
97
108
3111
98
109
99
110
100
111
101
112
102
113
103
114
104
115
105
116
106
117
107
118
119
2816
109
120
3110
110
121
111
122
112
123
113
124
114
125
115
126
116
127
117
128
118
129
119
130
131
2826
121
132
3109
122
133
123
134
124
135
125
136
126
137
127
138
128
139
129
140
130
141
131
142
143
2836
133
3108
3240
134
3241
135
3242
136
3243
137
3244
138
3245
139
3246
140
3247
141
3248
142
3249
143
3250
2846
3251
145
154
4920
146
155
147
156
148
157
149
158
150
159
151
160
152
161
153
162
163
155
164
4921
156
165
157
166
158
167
159
168
160
169
161
170
162
171
163
172
173
165
174
4922
166
175
167
176
168
177
169
178
170
179
171
180
172
181
173
182
183
175
184
4923
176
185
177
186
178
187
179
188
180
189
181
190
182
191
183
192
193
185
194
4924
186
195
187
196
188
197
189
198
190
199
191
200
192
201
193
202
203
195
204
4925
196
205
197
206
198
207
199
208
200
209
201
210
202
211
203
212
213
205
214
4926
206
215
207
216
208
217
209
218
210
219
211
220
212
221
213
222
223
215
224
4927
216
225
217
226
218
227
219
228
220
229
221
230
222
231
223
232
233
225
234
4928
226
235
227
236
228
237
229
238
230
239
231
240
232
241
233
242
243
235
244
4929
236
245
237
246
238
247
239
248
240
249
241
250
242
251
243
252
253
245
254
4930
246
255
247
256
248
257
249
258
250
259
251
260
252
261
253
262
263
255
4272
4931
256
4273
257
4274
258
4275
259
4276
260
4277
261
4278
262
4279
263
4280
4281
265
276
1344
266
277
1354
267
278
1364
268
279
1374
269
280
1384
270
281
1394
271
282
1404
272
283
1414
273
284
1424
274
285
1434
275
286
1444
287
1044
1454
277
288
278
289
279
290
280
291
281
292
282
293
283
294
284
295
285
296
286
297
287
298
299
1045
289
300
290
301
291
302
292
303
293
304
294
305
295
306
296
307
297
308
298
309
299
310
311
1046
301
312
302
313
303
314
304
315
305
316
306
317
307
318
308
319
309
320
310
321
311
322
323
1047
313
324
314
325
315
326
316
327
317
328
318
329
319
330
320
331
321
332
322
333
323
334
335
1048
325
336
326
337
327
338
328
339
329
340
330
341
331
342
332
343
333
344
334
345
335
346
347
1049
337
348
338
349
339
350
340
351
341
352
342
353
343
354
344
355
345
356
346
357
347
358
359
1050
349
360
350
361
351
362
352
363
353
364
354
365
355
366
356
367
357
368
358
369
359
370
371
1051
361
372
362
373
363
374
364
375
365
376
366
377
367
378
368
379
369
380
370
381
371
382
383
1052
373
384
374
385
375
386
376
387
377
388
378
389
379
390
380
391
381
392
382
393
383
394
395
1053
385
396
386
397
387
398
388
399
389
400
390
401
391
402
392
403
393
404
394
405
395
406
407
1054
397
398
399
400
401
402
403
404
405
406
407
1055
409
418
3393
4919
410
419
3392
411
420
3391
412
421
3390
413
422
3389
414
423
3388
415
424
3387
416
425
3386
417
426
3385
427
3384
419
428
4918
420
429
421
430
422
431
423
432
424
433
425
434
426
435
427
436
437
429
438
4917
430
439
431
440
432
441
433
442
434
443
435
444
436
445
437
446
447
439
448
4916
440
449
441
450
442
451
443
452
444
453
445
454
446
455
447
456
457
449
458
4915
450
459
451
460
452
461
453
462
454
463
455
464
456
465
457
466
467
459
468
4914
460
469
461
470
462
471
463
472
464
473
465
474
466
475
467
476
477
469
478
4913
470
479
471
480
472
481
473
482
474
483
475
484
476
485
477
486
487
479
488
4912
480
489
481
490
482
491
483
492
484
493
485
494
486
495
487
496
497
489
498
4911
490
499
491
500
492
501
493
502
494
503
495
504
496
505
497
506
507
499
508
4910
500
509
501
510
502
511
503
512
504
513
505
514
506
515
507
516
517
509
518
4909
510
519
511
520
512
521
513
522
514
523
515
524
516
525
517
526
527
519
2207
4908
520
2206
521
2205
522
2204
523
2203
524
2202
525
2201
526
2200
527
2199
2198
529
550
1737
5183
530
551
5171
531
552
5159
532
553
5147
533
554
5135
534
555
5123
535
556
5111
536
557
5099
537
558
5087
538
559
5075
539
560
5063
540
561
5051
541
562
5039
542
563
5027
543
564
5015
544
565
5003
545
566
4991
546
567
4979
547
568
4967
548
569
4955
549
570
4943
571
1200
4931
551
572
1747
552
573
553
574
554
575
555
576
556
577
557
578
558
579
559
580
560
581
561
582
562
583
563
584
564
585
565
586
566
587
567
588
568
589
569
590
570
591
571
592
593
1212
573
594
1757
574
595
575
596
576
597
577
598
578
599
579
600
580
601
581
602
582
603
583
604
584
605
585
606
586
607
587
608
588
609
589
610
590
611
591
612
592
613
593
614
615
1224
595
616
1767
596
617
597
618
598
619
599
620
600
621
601
622
602
623
603
624
604
625
605
626
606
627
607
628
608
629
609
630
610
631
611
632
612
633
613
634
614
635
615
636
637
1236
617
638
1777
618
639
619
640
620
641
621
642
622
643
623
644
624
645
625
646
626
647
627
648
628
649
629
650
630
651
631
652
632
653
633
654
634
655
635
656
636
657
637
658
659
1248
639
660
1787
640
661
641
662
642
663
643
664
644
665
645
666
646
667
647
668
648
669
649
670
650
671
651
672
652
673
653
674
654
675
655
676
656
677
657
678
658
679
659
680
681
1260
661
682
1797
662
683
663
684
664
685
665
686
666
687
667
688
668
689
669
690
670
691
671
692
672
693
673
694
674
695
675
696
676
697
677
698
678
699
679
700
680
701
681
702
703
1272
683
704
1807
684
705
685
706
686
707
687
708
688
709
689
710
690
711
691
712
692
713
693
714
694
715
695
716
696
717
697
718
698
719
699
720
700
721
701
722
702
723
703
724
725
1284
705
726
1817
706
727
707
728
708
729
709
730
710
731
711
732
712
733
713
734
714
735
715
736
716
737
717
738
718
739
719
740
720
741
721
742
722
743
723
744
724
745
725
746
747
1296
727
748
1827
728
749
729
750
730
751
731
752
732
753
733
754
734
755
735
756
736
757
737
758
738
759
739
760
740
761
741
762
742
763
743
764
744
765
745
766
746
767
747
768
769
1308
749
770
1837
750
771
751
772
752
773
753
774
754
775
755
776
756
777
757
778
758
779
759
780
760
781
761
782
762
783
763
784
764
785
765
786
766
787
767
788
768
789
769
790
791
1320
771
1847
2219
772
2231
773
2243
774
2255
775
2267
776
2279
777
2291
778
2303
779
2315
780
2327
781
2339
782
2351
783
2363
784
2375
785
2387
786
2399
787
2411
788
2423
789
2435
790
2447
791
2459
1332
2471
793
804
1848
2460
794
805
1858
795
806
1868
796
807
1878
797
808
1888
798
809
1898
799
810
1908
800
811
1918
801
812
1928
802
813
1938
803
814
1948
815
1958
805
816
2448
806
817
807
818
808
819
809
820
810
821
811
822
812
823
813
824
814
825
815
826
827
817
828
2436
818
829
819
830
820
831
821
832
822
833
823
834
824
835
825
836
826
837
827
838
839
829
840
2424
830
841
831
842
832
843
833
844
834
845
835
846
836
847
837
848
838
849
839
850
851
841
852
2412
842
853
843
854
844
855
845
856
846
857
847
858
848
859
849
860
850
861
851
862
863
853
864
2400
854
865
855
866
856
867
857
868
858
869
859
870
860
871
861
872
862
873
863
874
875
865
876
2388
866
877
867
878
868
879
869
880
870
881
871
882
872
883
873
884
874
885
875
886
887
877
888
2376
878
889
879
890
880
891
881
892
882
893
883
894
884
895
885
896
886
897
887
898
899
889
900
2364
890
901
891
902
892
903
893
904
894
905
895
906
896
907
897
908
898
909
899
910
911
901
912
2352
902
913
903
914
904
915
905
916
906
917
907
918
908
919
909
920
910
921
911
922
923
913
924
2340
914
925
915
926
916
927
917
928
918
929
919
930
920
931
921
932
922
933
923
934
935
925
936
2328
926
937
927
938
928
939
929
940
930
941
931
942
932
943
933
944
934
945
935
946
947
937
948
2316
938
949
939
950
940
951
941
952
942
953
943
954
944
955
945
956
946
957
947
958
959
949
960
2304
950
961
951
962
952
963
953
964
954
965
955
966
956
967
957
968
958
969
959
970
971
961
972
2292
962
973
963
974
964
975
965
976
966
977
967
978
968
979
969
980
970
981
971
982
983
973
984
2280
974
985
975
986
976
987
977
988
978
989
979
990
980
991
981
992
982
993
983
994
995
985
996
2268
986
997
987
998
988
999
989
1000
990
1001
991
1002
992
1003
993
1004
994
1005
995
1006
1007
997
1008
2256
998
1009
999
1010
1000
1011
1001
1012
1002
1013
1003
1014
1004
1015
1005
1016
1006
1017
1007
1018
1019
1009
1020
2244
1010
1021
1011
1022
1012
1023
1013
1024
1014
1025
1015
1026
1016
1027
1017
1028
1018
1029
1019
1030
1031
1021
1032
2232
1022
1033
1023
1034
1024
1035
1025
1036
1026
1037
1027
1038
1028
1039
1029
1040
1030
1041
1031
1042
1043
1033
1044
2220
1034
1045
1035
1046
1036
1047
1037
1048
1038
1049
1039
1050
1040
1051
1041
1052
1042
1053
1043
1054
1055
1045
2208
1046
1047
1048
1049
1050
1051
1052
1053
1054
1055
1057
1068
1727
1058
1069
1059
1070
1060
1071
1061
1072
1062
1073
1063
1074
1064
1075
1065
1076
1066
1077
1067
1078
1079
1069
1080
1726
1070
1081
1071
1082
1072
1083
1073
1084
1074
1085
1075
1086
1076
1087
1077
1088
1078
1089
1079
1090
1091
1081
1092
1725
1082
1093
1083
1094
1084
1095
1085
1096
1086
1097
1087
1098
1088
1099
1089
1100
1090
1101
1091
1102
1103
1093
1104
1724
1094
1105
1095
1106
1096
1107
1097
1108
1098
1109
1099
1110
1100
1111
1101
1112
1102
1113
1103
1114
1115
1105
1116
1723
1106
1117
1107
1118
1108
1119
1109
1120
1110
1121
1111
1122
1112
1123
1113
1124
1114
1125
1115
1126
1127
1117
1128
1722
1118
1129
1119
1130
1120
1131
1121
1132
1122
1133
1123
1134
1124
1135
1125
1136
1126
1137
1127
1138
1139
1129
1140
1721
1130
1141
1131
1142
1132
1143
1133
1144
1134
1145
1135
1146
1136
1147
1137
1148
1138
1149
1139
1150
1151
1141
1152
1720
1142
1153
1143
1154
1144
1155
1145
1156
1146
1157
1147
1158
1148
1159
1149
1160
1150
1161
1151
1162
1163
1153
1164
1719
1154
1165
1155
1166
1156
1167
1157
1168
1158
1169
1159
1170
1160
1171
1161
1172
1162
1173
1163
1174
1175
1165
1176
1718
1166
1177
1167
1178
1168
1179
1169
1180
1170
1181
1171
1182
1172
1183
1173
1184
1174
1185
1175
1186
1187
1177
1188
1717
1178
1189
1179
1190
1180
1191
1181
1192
1182
1193
1183
1194
1184
1195
1185
1196
1186
1197
1187
1198
1199
1189
1716
3230
1190
3220
1191
3210
1192
3200
1193
3190
1194
3180
1195
3170
1196
3160
1197
3150
1198
3140
1199
3130
3120
1201
1212
4272
1202
1213
4282
1203
1214
4292
1204
1215
4302
1205
1216
4312
1206
1217
4322
1207
1218
4332
1208
1219
4342
1209
1220
4352
1210
1221
4362
1211
1222
4372
1223
2976
4382
1213
1224
1214
1225
1215
1226
1216
1227
1217
1228
1218
1229
1219
1230
1220
1231
1221
1232
1222
1233
1223
1234
1235
2988
1225
1236
1226
1237
1227
1238
1228
1239
1229
1240
1230
1241
1231
1242
1232
1243
1233
1244
1234
1245
1235
1246
1247
3000
1237
1248
1238
1249
1239
1250
1240
1251
1241
1252
1242
1253
1243
1254
1244
1255
1245
1256
1246
1257
1247
1258
1259
3012
1249
1260
1250
1261
1251
1262
1252
1263
1253
1264
1254
1265
1255
1266
1256
1267
1257
1268
1258
1269
1259
1270
1271
3024
1261
1272
1262
1273
1263
1274
1264
1275
1265
1276
1266
1277
1267
1278
1268
1279
1269
1280
1270
1281
1271
1282
1283
3036
1273
1284
1274
1285
1275
1286
1276
1287
1277
1288
1278
1289
1279
1290
1280
1291
1281
1292
1282
1293
1283
1294
1295
3048
1285
1296
1286
1297
1287
1298
1288
1299
1289
1300
1290
1301
1291
1302
1292
1303
1293
1304
1294
1305
1295
1306
1307
3060
1297
1308
1298
1309
1299
1310
1300
1311
1301
1312
1302
1313
1303
1314
1304
1315
1305
1316
1306
1317
1307
1318
1319
3072
1309
1320
1310
1321
1311
1322
1312
1323
1313
1324
1314
1325
1315
1326
1316
1327
1317
1328
1318
1329
1319
1330
1331
3084
1321
1332
1322
1333
1323
1334
1324
1335
1325
1336
1326
1337
1327
1338
1328
1339
1329
1340
1330
1341
1331
1342
1343
3096
1333
3372
1334
3360
1335
3348
1336
3336
1337
3324
1338
3312
1339
3300
1340
3288
1341
3276
1342
3264
1343
3252
3108
3240
1345
1354
1346
1355
1347
1356
1348
1357
1349
1358
1350
1359
1351
1360
1352
1361
1353
1362
1363
1355
1364
1356
1365
1357
1366
1358
1367
1359
1368
1360
1369
1361
1370
1362
1371
1363
1372
1373
1365
1374
1366
1375
1367
1376
1368
1377
1369
1378
1370
1379
1371
1380
1372
1381
1373
1382
1383
1375
1384
1376
1385
1377
1386
1378
1387
1379
1388
1380
1389
1381
1390
1382
1391
1383
1392
1393
1385
1394
1386
1395
1387
1396
1388
1397
1389
1398
1390
1399
1391
1400
1392
1401
1393
1402
1403
1395
1404
1396
1405
1397
1406
1398
1407
1399
1408
1400
1409
1401
1410
1402
1411
1403
1412
1413
1405
1414
1406
1415
1407
1416
1408
1417
1409
1418
1410
1419
1411
1420
1412
1421
1413
1422
1423
1415
1424
1416
1425
1417
1426
1418
1427
1419
1428
1420
1429
1421
1430
1422
1431
1423
1432
1433
1425
1434
1426
1435
1427
1436
1428
1437
1429
1438
1430
1439
1431
1440
1432
1441
1433
1442
1443
1435
1444
1436
1445
1437
1446
1438
1447
1439
1448
1440
1449
1441
1450
1442
1451
1443
1452
1453
1445
1454
1446
1455
1447
1456
1448
1457
1449
1458
1450
1459
1451
1460
1452
1461
1453
1462
1463
1455
3743
1456
3742
1457
3741
1458
3740
1459
3739
1460
3738
1461
3737
1462
3736
1463
3735
3734
1465
1476
2087
2483
1466
1477
2077
1467
1478
2067
1468
1479
2057
1469
1480
2047
1470
1481
2037
1471
1482
2027
1472
1483
2017
1473
1484
2007
1474
1485
1997
1475
1486
1987
1487
1977
1477
1488
2495
1478
1489
1479
1490
1480
1491
1481
1492
1482
1493
1483
1494
1484
1495
1485
1496
1486
1497
1487
1498
1499
1489
1500
2507
1490
1501
1491
1502
1492
1503
1493
1504
1494
1505
1495
1506
1496
1507
1497
1508
1498
1509
1499
1510
1511
1501
1512
2519
1502
1513
1503
1514
1504
1515
1505
1516
1506
1517
1507
1518
1508
1519
1509
1520
1510
1521
1511
1522
1523
1513
1524
2531
1514
1525
1515
1526
1516
1527
1517
1528
1518
1529
1519
1530
1520
1531
1521
1532
1522
1533
1523
1534
1535
1525
1536
2543
1526
1537
1527
1538
1528
1539
1529
1540
1530
1541
1531
1542
1532
1543
1533
1544
1534
1545
1535
1546
1547
1537
1548
2555
1538
1549
1539
1550
1540
1551
1541
1552
1542
1553
1543
1554
1544
1555
1545
1556
1546
1557
1547
1558
1559
1549
1560
2567
1550
1561
1551
1562
1552
1563
1553
1564
1554
1565
1555
1566
1556
1567
1557
1568
1558
1569
1559
1570
1571
1561
1572
2579
1562
1573
1563
1574
1564
1575
1565
1576
1566
1577
1567
1578
1568
1579
1569
1580
1570
1581
1571
1582
1583
1573
1584
2591
1574
1585
1575
1586
1576
1587
1577
1588
1578
1589
1579
1590
1580
1591
1581
1592
1582
1593
1583
1594
1595
1585
1596
2603
1586
1597
1587
1598
1588
1599
1589
1600
1590
1601
1591
1602
1592
1603
1593
1604
1594
1605
1595
1606
1607
1597
1608
2615
1598
1609
1599
1610
1600
1611
1601
1612
1602
1613
1603
1614
1604
1615
1605
1616
1606
1617
1607
1618
1619
1609
1620
2627
1610
1621
1611
1622
1612
1623
1613
1624
1614
1625
1615
1626
1616
1627
1617
1628
1618
1629
1619
1630
1631
1621
1632
2639
1622
1633
1623
1634
1624
1635
1625
1636
1626
1637
1627
1638
1628
1639
1629
1640
1630
1641
1631
1642
1643
1633
1644
2651
1634
1645
1635
1646
1636
1647
1637
1648
1638
1649
1639
1650
1640
1651
1641
1652
1642
1653
1643
1654
1655
1645
1656
2663
1646
1657
1647
1658
1648
1659
1649
1660
1650
1661
1651
1662
1652
1663
1653
1664
1654
1665
1655
1666
1667
1657
1668
2675
1658
1669
1659
1670
1660
1671
1661
1672
1662
1673
1663
1674
1664
1675
1665
1676
1666
1677
1667
1678
1679
1669
1680
2687
1670
1681
1671
1682
1672
1683
1673
1684
1674
1685
1675
1686
1676
1687
1677
1688
1678
1689
1679
1690
1691
1681
1692
2699
1682
1693
1683
1694
1684
1695
1685
1696
1686
1697
1687
1698
1688
1699
1689
1700
1690
1701
1691
1702
1703
1693
1704
2711
1694
1705
1695
1706
1696
1707
1697
1708
1698
1709
1699
1710
1700
1711
1701
1712
1702
1713
1703
1714
1715
1705
1716
2723
1706
1717
1707
1718
1708
1719
1709
1720
1710
1721
1711
1722
1712
1723
1713
1724
1714
1725
1715
1726
1727
1717
2735
1718
1719
1720
1721
1722
1723
1724
1725
1726
1727
1729
1738
3998
1730
1739
3999
1731
1740
4000
1732
1741
4001
1733
1742
4002
1734
1743
4003
1735
1744
4004
1736
1745
4005
1737
1746
4006
1747
4007
1739
1748
1740
1749
1741
1750
1742
1751
1743
1752
1744
1753
1745
1754
1746
1755
1747
1756
1757
1749
1758
1750
1759
1751
1760
1752
1761
1753
1762
1754
1763
1755
1764
1756
1765
1757
1766
1767
1759
1768
1760
1769
1761
1770
1762
1771
1763
1772
1764
1773
1765
1774
1766
1775
1767
1776
1777
1769
1778
1770
1779
1771
1780
1772
1781
1773
1782
1774
1783
1775
1784
1776
1785
1777
1786
1787
1779
1788
1780
1789
1781
1790
1782
1791
1783
1792
1784
1793
1785
1794
1786
1795
1787
1796
1797
1789
1798
1790
1799
1791
1800
1792
1801
1793
1802
1794
1803
1795
1804
1796
1805
1797
1806
1807
1799
1808
1800
1809
1801
1810
1802
1811
1803
1812
1804
1813
1805
1814
1806
1815
1807
1816
1817
1809
1818
1810
1819
1811
1820
1812
1821
1813
1822
1814
1823
1815
1824
1816
1825
1817
1826
1827
1819
1828
1820
1829
1821
1830
1822
1831
1823
1832
1824
1833
1825
1834
1826
1835
1827
1836
1837
1829
1838
1830
1839
1831
1840
1832
1841
1833
1842
1834
1843
1835
1844
1836
1845
1837
1846
1847
1839
3624
1840
3625
1841
3626
1842
3627
1843
3628
1844
3629
1845
3630
1846
3631
1847
3632
3633
1849
1858
2966
1850
1859
2967
1851
1860
2968
1852
1861
2969
1853
1862
2970
1854
1863
2971
1855
1864
2972
1856
1865
2973
1857
1866
2974
1867
2975
1859
1868
1860
1869
1861
1870
1862
1871
1863
1872
1864
1873
1865
1874
1866
1875
1867
1876
1877
1869
1878
1870
1879
1871
1880
1872
1881
1873
1882
1874
1883
1875
1884
1876
1885
1877
1886
1887
1879
1888
1880
1889
1881
1890
1882
1891
1883
1892
1884
1893
1885
1894
1886
1895
1887
1896
1897
1889
1898
1890
1899
1891
1900
1892
1901
1893
1902
1894
1903
1895
1904
1896
1905
1897
1906
1907
1899
1908
1900
1909
1901
1910
1902
1911
1903
1912
1904
1913
1905
1914
1906
1915
1907
1916
1917
1909
1918
1910
1919
1911
1920
1912
1921
1913
1922
1914
1923
1915
1924
1916
1925
1917
1926
1927
1919
1928
1920
1929
1921
1930
1922
1931
1923
1932
1924
1933
1925
1934
1926
1935
1927
1936
1937
1929
1938
1930
1939
1931
1940
1932
1941
1933
1942
1934
1943
1935
1944
1936
1945
1937
1946
1947
1939
1948
1940
1949
1941
1950
1942
1951
1943
1952
1944
1953
1945
1954
1946
1955
1947
1956
1957
1949
1958
1950
1959
1951
1960
1952
1961
1953
1962
1954
1963
1955
1964
1956
1965
1957
1966
1967
1959
1960
1961
1962
1963
1964
1965
1966
1967
1969
1978
1970
1979
1971
1980
1972
1981
1973
1982
1974
1983
1975
1984
1976
1985
1977
1986
1987
1979
1988
1980
1989
1981
1990
1982
1991
1983
1992
1984
1993
1985
1994
1986
1995
1987
1996
1997
1989
1998
1990
1999
1991
2000
1992
2001
1993
2002
1994
2003
1995
2004
1996
2005
1997
2006
2007
1999
2008
2000
2009
2001
2010
2002
2011
2003
2012
2004
2013
2005
2014
2006
2015
2007
2016
2017
2009
2018
2010
2019
2011
2020
2012
2021
2013
2022
2014
2023
2015
2024
2016
2025
2017
2026
2027
2019
2028
2020
2029
2021
2030
2022
2031
2023
2032
2024
2033
2025
2034
2026
2035
2027
2036
2037
2029
2038
2030
2039
2031
2040
2032
2041
2033
2042
2034
2043
2035
2044
2036
2045
2037
2046
2047
2039
2048
2040
2049
2041
2050
2042
2051
2043
2052
2044
2053
2045
2054
2046
2055
2047
2056
2057
2049
2058
2050
2059
2051
2060
2052
2061
2053
2062
2054
2063
2055
2064
2056
2065
2057
2066
2067
2059
2068
2060
2069
2061
2070
2062
2071
2063
2072
2064
2073
2065
2074
2066
2075
2067
2076
2077
2069
2078
2070
2079
2071
2080
2072
2081
2073
2082
2074
2083
2075
2084
2076
2085
2077
2086
2087
2079
3504
2080
3505
2081
3506
2082
3507
2083
3508
2084
3509
2085
3510
2086
3511
2087
3512
3513
2089
2098
2090
2099
2091
2100
2092
2101
2093
2102
2094
2103
2095
2104
2096
2105
2097
2106
2107
3876
2099
2108
2100
2109
2101
2110
2102
2111
2103
2112
2104
2113
2105
2114
2106
2115
2107
2116
2117
3877
2109
2118
2110
2119
2111
2120
2112
2121
2113
2122
2114
2123
2115
2124
2116
2125
2117
2126
2127
3878
2119
2128
2120
2129
2121
2130
2122
2131
2123
2132
2124
2133
2125
2134
2126
2135
2127
2136
2137
3879
2129
2138
2130
2139
2131
2140
2132
2141
2133
2142
2134
2143
2135
2144
2136
2145
2137
2146
2147
3880
2139
2148
2140
2149
2141
2150
2142
2151
2143
2152
2144
2153
2145
2154
2146
2155
2147
2156
2157
3881
2149
2158
2150
2159
2151
2160
2152
2161
2153
2162
2154
2163
2155
2164
2156
2165
2157
2166
2167
3882
2159
2168
2160
2169
2161
2170
2162
2171
2163
2172
2164
2173
2165
2174
2166
2175
2167
2176
2177
3883
2169
2178
2170
2179
2171
2180
2172
2181
2173
2182
2174
2183
2175
2184
2176
2185
2177
2186
2187
3884
2179
2188
2180
2189
2181
2190
2182
2191
2183
2192
2184
2193
2185
2194
2186
2195
2187
2196
2197
3885
2189
2198
2190
2199
2191
2200
2192
2201
2193
2202
2194
2203
2195
2204
2196
2205
2197
2206
2207
3886
2199
2200
2201
2202
2203
2204
2205
2206
2207
3887
2209
2220
3743
2210
2221
3733
2211
2222
3723
2212
2223
3713
2213
2224
3703
2214
2225
3693
2215
2226
3683
2216
2227
3673
2217
2228
3663
2218
2229
3653
2219
2230
3643
2231
3633
2221
2232
2222
2233
2223
2234
2224
2235
2225
2236
2226
2237
2227
2238
2228
2239
2229
2240
2230
2241
2231
2242
2243
2233
2244
2234
2245
2235
2246
2236
2247
2237
2248
2238
2249
2239
2250
2240
2251
2241
2252
2242
2253
2243
2254
2255
2245
2256
2246
2257
2247
2258
2248
2259
2249
2260
2250
2261
2251
2262
2252
2263
2253
2264
2254
2265
2255
2266
2267
2257
2268
2258
2269
2259
2270
2260
2271
2261
2272
2262
2273
2263
2274
2264
2275
2265
2276
2266
2277
2267
2278
2279
2269
2280
2270
2281
2271
2282
2272
2283
2273
2284
2274
2285
2275
2286
2276
2287
2277
2288
2278
2289
2279
2290
2291
2281
2292
2282
2293
2283
2294
2284
2295
2285
2296
2286
2297
2287
2298
2288
2299
2289
2300
2290
2301
2291
2302
2303
2293
2304
2294
2305
2295
2306
2296
2307
2297
2308
2298
2309
2299
2310
2300
2311
2301
2312
2302
2313
2303
2314
2315
2305
2316
2306
2317
2307
2318
2308
2319
2309
2320
2310
2321
2311
2322
2312
2323
2313
2324
2314
2325
2315
2326
2327
2317
2328
2318
2329
2319
2330
2320
2331
2321
2332
2322
2333
2323
2334
2324
2335
2325
2336
2326
2337
2327
2338
2339
2329
2340
2330
2341
2331
2342
2332
2343
2333
2344
2334
2345
2335
2346
2336
2347
2337
2348
2338
2349
2339
2350
2351
2341
2352
2342
2353
2343
2354
2344
2355
2345
2356
2346
2357
2347
2358
2348
2359
2349
2360
2350
2361
2351
2362
2363
2353
2364
2354
2365
2355
2366
2356
2367
2357
2368
2358
2369
2359
2370
2360
2371
2361
2372
2362
2373
2363
2374
2375
2365
2376
2366
2377
2367
2378
2368
2379
2369
2380
2370
2381
2371
2382
2372
2383
2373
2384
2374
2385
2375
2386
2387
2377
2388
2378
2389
2379
2390
2380
2391
2381
2392
2382
2393
2383
2394
2384
2395
2385
2396
2386
2397
2387
2398
2399
2389
2400
2390
2401
2391
2402
2392
2403
2393
2404
2394
2405
2395
2406
2396
2407
2397
2408
2398
2409
2399
2410
2411
2401
2412
2402
2413
2403
2414
2404
2415
2405
2416
2406
2417
2407
2418
2408
2419
2409
2420
2410
2421
2411
2422
2423
2413
2424
2414
2425
2415
2426
2416
2427
2417
2428
2418
2429
2419
2430
2420
2431
2421
2432
2422
2433
2423
2434
2435
2425
2436
2426
2437
2427
2438
2428
2439
2429
2440
2430
2441
2431
2442
2432
2443
2433
2444
2434
2445
2435
2446
2447
2437
2448
2438
2449
2439
2450
2440
2451
2441
2452
2442
2453
2443
2454
2444
2455
2445
2456
2446
2457
2447
2458
2459
2449
2460
2450
2461
2451
2462
2452
2463
2453
2464
2454
2465
2455
2466
2456
2467
2457
2468
2458
2469
2459
2470
2471
2461
3383
2462
3382
2463
3381
2464
3380
2465
3379
2466
3378
2467
3377
2468
3376
2469
3375
2470
3374
2471
3373
3372
2473
2484
3119
4667
2474
2485
3107
2475
2486
3095
2476
2487
3083
2477
2488
3071
2478
2489
3059
2479
2490
3047
2480
2491
3035
2481
2492
3023
2482
2493
3011
2483
2494
2999
2495
2987
2485
2496
4679
2486
2497
2487
2498
2488
2499
2489
2500
2490
2501
2491
2502
2492
2503
2493
2504
2494
2505
2495
2506
2507
2497
2508
4691
2498
2509
2499
2510
2500
2511
2501
2512
2502
2513
2503
2514
2504
2515
2505
2516
2506
2517
2507
2518
2519
2509
2520
4703
2510
2521
2511
2522
2512
2523
2513
2524
2514
2525
2515
2526
2516
2527
2517
2528
2518
2529
2519
2530
2531
2521
2532
4715
2522
2533
2523
2534
2524
2535
2525
2536
2526
2537
2527
2538
2528
2539
2529
2540
2530
2541
2531
2542
2543
2533
2544
4727
2534
2545
2535
2546
2536
2547
2537
2548
2538
2549
2539
2550
2540
2551
2541
2552
2542
2553
2543
2554
2555
2545
2556
4739
2546
2557
2547
2558
2548
2559
2549
2560
2550
2561
2551
2562
2552
2563
2553
2564
2554
2565
2555
2566
2567
2557
2568
4751
2558
2569
2559
2570
2560
2571
2561
2572
2562
2573
2563
2574
2564
2575
2565
2576
2566
2577
2567
2578
2579
2569
2580
4763
2570
2581
2571
2582
2572
2583
2573
2584
2574
2585
2575
2586
2576
2587
2577
2588
2578
2589
2579
2590
2591
2581
2592
4775
2582
2593
2583
2594
2584
2595
2585
2596
2586
2597
2587
2598
2588
2599
2589
2600
2590
2601
2591
2602
2603
2593
2604
4787
2594
2605
2595
2606
2596
2607
2597
2608
2598
2609
2599
2610
2600
2611
2601
2612
2602
2613
2603
2614
2615
2605
2616
4799
2606
2617
2607
2618
2608
2619
2609
2620
2610
2621
2611
2622
2612
2623
2613
2624
2614
2625
2615
2626
2627
2617
2628
4811
2618
2629
2619
2630
2620
2631
2621
2632
2622
2633
2623
2634
2624
2635
2625
2636
2626
2637
2627
2638
2639
2629
2640
4823
2630
2641
2631
2642
2632
2643
2633
2644
2634
2645
2635
2646
2636
2647
2637
2648
2638
2649
2639
2650
2651
2641
2652
4835
2642
2653
2643
2654
2644
2655
2645
2656
2646
2657
2647
2658
2648
2659
2649
2660
2650
2661
2651
2662
2663
2653
2664
4847
2654
2665
2655
2666
2656
2667
2657
2668
2658
2669
2659
2670
2660
2671
2661
2672
2662
2673
2663
2674
2675
2665
2676
4859
2666
2677
2667
2678
2668
2679
2669
2680
2670
2681
2671
2682
2672
2683
2673
2684
2674
2685
2675
2686
2687
2677
2688
4871
2678
2689
2679
2690
2680
2691
2681
2692
2682
2693
2683
2694
2684
2695
2685
2696
2686
2697
2687
2698
2699
2689
2700
4883
2690
2701
2691
2702
2692
2703
2693
2704
2694
2705
2695
2706
2696
2707
2697
2708
2698
2709
2699
2710
2711
2701
2712
4895
2702
2713
2703
2714
2704
2715
2705
2716
2706
2717
2707
2718
2708
2719
2709
2720
2710
2721
2711
2722
2723
2713
2724
4907
2714
2725
2715
2726
2716
2727
2717
2728
2718
2729
2719
2730
2720
2731
2721
2732
2722
2733
2723
2734
2735
2725
3393
4919
2726
3403
2727
3413
2728
3423
2729
3433
2730
3443
2731
3453
2732
3463
2733
3473
2734
3483
2735
3493
3503
2737
2746
4502
2738
2747
4503
2739
2748
4504
2740
2749
4505
2741
2750
4506
2742
2751
4507
2743
2752
4508
2744
2753
4509
2745
2754
4510
2755
4511
2747
2756
2748
2757
2749
2758
2750
2759
2751
2760
2752
2761
2753
2762
2754
2763
2755
2764
2765
2757
2766
2758
2767
2759
2768
2760
2769
2761
2770
2762
2771
2763
2772
2764
2773
2765
2774
2775
2767
2776
2768
2777
2769
2778
2770
2779
2771
2780
2772
2781
2773
2782
2774
2783
2775
2784
2785
2777
2786
2778
2787
2779
2788
2780
2789
2781
2790
2782
2791
2783
2792
2784
2793
2785
2794
2795
2787
2796
2788
2797
2789
2798
2790
2799
2791
2800
2792
2801
2793
2802
2794
2803
2795
2804
2805
2797
2806
2798
2807
2799
2808
2800
2809
2801
2810
2802
2811
2803
2812
2804
2813
2805
2814
2815
2807
2816
2808
2817
2809
2818
2810
2819
2811
2820
2812
2821
2813
2822
2814
2823
2815
2824
2825
2817
2826
2818
2827
2819
2828
2820
2829
2821
2830
2822
2831
2823
2832
2824
2833
2825
2834
2835
2827
2836
2828
2837
2829
2838
2830
2839
2831
2840
2832
2841
2833
2842
2834
2843
2835
2844
2845
2837
2846
2838
2847
2839
2848
2840
2849
2841
2850
2842
2851
2843
2852
2844
2853
2845
2854
2855
2847
2856
2848
2857
2849
2858
2850
2859
2851
2860
2852
2861
2853
2862
2854
2863
2855
2864
2865
2857
2866
3251
2858
2867
2859
2868
2860
2869
2861
2870
2862
2871
2863
2872
2864
2873
2865
2874
2875
2867
2876
3263
2868
2877
2869
2878
2870
2879
2871
2880
2872
2881
2873
2882
2874
2883
2875
2884
2885
2877
2886
3275
2878
2887
2879
2888
2880
2889
2881
2890
2882
2891
2883
2892
2884
2893
2885
2894
2895
2887
2896
3287
2888
2897
2889
2898
2890
2899
2891
2900
2892
2901
2893
2902
2894
2903
2895
2904
2905
2897
2906
3299
2898
2907
2899
2908
2900
2909
2901
2910
2902
2911
2903
2912
2904
2913
2905
2914
2915
2907
2916
3311
2908
2917
2909
2918
2910
2919
2911
2920
2912
2921
2913
2922
2914
2923
2915
2924
2925
2917
2926
3323
2918
2927
2919
2928
2920
2929
2921
2930
2922
2931
2923
2932
2924
2933
2925
2934
2935
2927
2936
3335
2928
2937
2929
2938
2930
2939
2931
2940
2932
2941
2933
2942
2934
2943
2935
2944
2945
2937
2946
3347
2938
2947
2939
2948
2940
2949
2941
2950
2942
2951
2943
2952
2944
2953
2945
2954
2955
2947
2956
3359
2948
2957
2949
2958
2950
2959
2951
2960
2952
2961
2953
2962
2954
2963
2955
2964
2965
2957
2966
3371
2958
2967
2959
2968
2960
2969
2961
2970
2962
2971
2963
2972
2964
2973
2965
2974
2975
2967
3383
2968
2969
2970
2971
2972
2973
2974
2975
2977
2988
3623
2978
2989
3613
2979
2990
3603
2980
2991
3593
2981
2992
3583
2982
2993
3573
2983
2994
3563
2984
2995
3553
2985
2996
3543
2986
2997
3533
2987
2998
3523
2999
3513
2989
3000
2990
3001
2991
3002
2992
3003
2993
3004
2994
3005
2995
3006
2996
3007
2997
3008
2998
3009
2999
3010
3011
3001
3012
3002
3013
3003
3014
3004
3015
3005
3016
3006
3017
3007
3018
3008
3019
3009
3020
3010
3021
3011
3022
3023
3013
3024
3014
3025
3015
3026
3016
3027
3017
3028
3018
3029
3019
3030
3020
3031
3021
3032
3022
3033
3023
3034
3035
3025
3036
3026
3037
3027
3038
3028
3039
3029
3040
3030
3041
3031
3042
3032
3043
3033
3044
3034
3045
3035
3046
3047
3037
3048
3038
3049
3039
3050
3040
3051
3041
3052
3042
3053
3043
3054
3044
3055
3045
3056
3046
3057
3047
3058
3059
3049
3060
3050
3061
3051
3062
3052
3063
3053
3064
3054
3065
3055
3066
3056
3067
3057
3068
3058
3069
3059
3070
3071
3061
3072
3062
3073
3063
3074
3064
3075
3065
3076
3066
3077
3067
3078
3068
3079
3069
3080
3070
3081
3071
3082
3083
3073
3084
3074
3085
3075
3086
3076
3087
3077
3088
3078
3089
3079
3090
3080
3091
3081
3092
3082
3093
3083
3094
3095
3085
3096
3086
3097
3087
3098
3088
3099
3089
3100
3090
3101
3091
3102
3092
3103
3093
3104
3094
3105
3095
3106
3107
3097
3108
3098
3109
3099
3110
3100
3111
3101
3112
3102
3113
3103
3114
3104
3115
3105
3116
3106
3117
3107
3118
3119
3109
3110
3111
3112
3113
3114
3115
3116
3117
3118
3119
3121
3130
3122
3131
3123
3132
3124
3133
3125
3134
3126
3135
3127
3136
3128
3137
3129
3138
3139
3131
3140
3132
3141
3133
3142
3134
3143
3135
3144
3136
3145
3137
3146
3138
3147
3139
3148
3149
3141
3150
3142
3151
3143
3152
3144
3153
3145
3154
3146
3155
3147
3156
3148
3157
3149
3158
3159
3151
3160
3152
3161
3153
3162
3154
3163
3155
3164
3156
3165
3157
3166
3158
3167
3159
3168
3169
3161
3170
3162
3171
3163
3172
3164
3173
3165
3174
3166
3175
3167
3176
3168
3177
3169
3178
3179
3171
3180
3172
3181
3173
3182
3174
3183
3175
3184
3176
3185
3177
3186
3178
3187
3179
3188
3189
3181
3190
3182
3191
3183
3192
3184
3193
3185
3194
3186
3195
3187
3196
3188
3197
3189
3198
3199
3191
3200
3192
3201
3193
3202
3194
3203
3195
3204
3196
3205
3197
3206
3198
3207
3199
3208
3209
3201
3210
3202
3211
3203
3212
3204
3213
3205
3214
3206
3215
3207
3216
3208
3217
3209
3218
3219
3211
3220
3212
3221
3213
3222
3214
3223
3215
3224
3216
3225
3217
3226
3218
3227
3219
3228
3229
3221
3230
3222
3231
3223
3232
3224
3233
3225
3234
3226
3235
3227
3236
3228
3237
3229
3238
3239
3231
3503
3232
3502
3233
3501
3234
3500
3235
3499
3236
3498
3237
3497
3238
3496
3239
3495
3494
3241
3252
3242
3253
3243
3254
3244
3255
3245
3256
3246
3257
3247
3258
3248
3259
3249
3260
3250
3261
3251
3262
3263
3253
3264
3254
3265
3255
3266
3256
3267
3257
3268
3258
3269
3259
3270
3260
3271
3261
3272
3262
3273
3263
3274
3275
3265
3276
3266
3277
3267
3278
3268
3279
3269
3280
3270
3281
3271
3282
3272
3283
3273
3284
3274
3285
3275
3286
3287
3277
3288
3278
3289
3279
3290
3280
3291
3281
3292
3282
3293
3283
3294
3284
3295
3285
3296
3286
3297
3287
3298
3299
3289
3300
3290
3301
3291
3302
3292
3303
3293
3304
3294
3305
3295
3306
3296
3307
3297
3308
3298
3309
3299
3310
3311
3301
3312
3302
3313
3303
3314
3304
3315
3305
3316
3306
3317
3307
3318
3308
3319
3309
3320
3310
3321
3311
3322
3323
3313
3324
3314
3325
3315
3326
3316
3327
3317
3328
3318
3329
3319
3330
3320
3331
3321
3332
3322
3333
3323
3334
3335
3325
3336
3326
3337
3327
3338
3328
3339
3329
3340
3330
3341
3331
3342
3332
3343
3333
3344
3334
3345
3335
3346
3347
3337
3348
3338
3349
3339
3350
3340
3351
3341
3352
3342
3353
3343
3354
3344
3355
3345
3356
3346
3357
3347
3358
3359
3349
3360
3350
3361
3351
3362
3352
3363
3353
3364
3354
3365
3355
3366
3356
3367
3357
3368
3358
3369
3359
3370
3371
3361
3372
3362
3373
3363
3374
3364
3375
3365
3376
3366
3377
3367
3378
3368
3379
3369
3380
3370
3381
3371
3382
3383
3373
3374
3375
3376
3377
3378
3379
3380
3381
3382
3383
3385
3394
3386
3395
3387
3396
3388
3397
3389
3398
3390
3399
3391
3400
3392
3401
3393
3402
3403
3395
3404
3396
3405
3397
3406
3398
3407
3399
3408
3400
3409
3401
3410
3402
3411
3403
3412
3413
3405
3414
3406
3415
3407
3416
3408
3417
3409
3418
3410
3419
3411
3420
3412
3421
3413
3422
3423
3415
3424
3416
3425
3417
3426
3418
3427
3419
3428
3420
3429
3421
3430
3422
3431
3423
3432
3433
3425
3434
3426
3435
3427
3436
3428
3437
3429
3438
3430
3439
3431
3440
3432
3441
3433
3442
3443
3435
3444
3436
3445
3437
3446
3438
3447
3439
3448
3440
3449
3441
3450
3442
3451
3443
3452
3453
3445
3454
3446
3455
3447
3456
3448
3457
3449
3458
3450
3459
3451
3460
3452
3461
3453
3462
3463
3455
3464
3456
3465
3457
3466
3458
3467
3459
3468
3460
3469
3461
3470
3462
3471
3463
3472
3473
3465
3474
3466
3475
3467
3476
3468
3477
3469
3478
3470
3479
3471
3480
3472
3481
3473
3482
3483
3475
3484
3476
3485
3477
3486
3478
3487
3479
3488
3480
3489
3481
3490
3482
3491
3483
3492
3493
3485
3494
3486
3495
3487
3496
3488
3497
3489
3498
3490
3499
3491
3500
3492
3501
3493
3502
3503
3495
3496
3497
3498
3499
3500
3501
3502
3503
3505
3514
3506
3515
3507
3516
3508
3517
3509
3518
3510
3519
3511
3520
3512
3521
3513
3522
3523
3515
3524
3516
3525
3517
3526
3518
3527
3519
3528
3520
3529
3521
3530
3522
3531
3523
3532
3533
3525
3534
3526
3535
3527
3536
3528
3537
3529
3538
3530
3539
3531
3540
3532
3541
3533
3542
3543
3535
3544
3536
3545
3537
3546
3538
3547
3539
3548
3540
3549
3541
3550
3542
3551
3543
3552
3553
3545
3554
3546
3555
3547
3556
3548
3557
3549
3558
3550
3559
3551
3560
3552
3561
3553
3562
3563
3555
3564
3556
3565
3557
3566
3558
3567
3559
3568
3560
3569
3561
3570
3562
3571
3563
3572
3573
3565
3574
3566
3575
3567
3576
3568
3577
3569
3578
3570
3579
3571
3580
3572
3581
3573
3582
3583
3575
3584
3576
3585
3577
3586
3578
3587
3579
3588
3580
3589
3581
3590
3582
3591
3583
3592
3593
3585
3594
3586
3595
3587
3596
3588
3597
3589
3598
3590
3599
3591
3600
3592
3601
3593
3602
3603
3595
3604
3596
3605
3597
3606
3598
3607
3599
3608
3600
3609
3601
3610
3602
3611
3603
3612
3613
3605
3614
3606
3615
3607
3616
3608
3617
3609
3618
3610
3619
3611
3620
3612
3621
3613
3622
3623
3615
4391
3616
4390
3617
4389
3618
4388
3619
4387
3620
4386
3621
4385
3622
4384
3623
4383
4382
3625
3634
3626
3635
3627
3636
3628
3637
3629
3638
3630
3639
3631
3640
3632
3641
3633
3642
3643
3635
3644
3636
3645
3637
3646
3638
3647
3639
3648
3640
3649
3641
3650
3642
3651
3643
3652
3653
3645
3654
3646
3655
3647
3656
3648
3657
3649
3658
3650
3659
3651
3660
3652
3661
3653
3662
3663
3655
3664
3656
3665
3657
3666
3658
3667
3659
3668
3660
3669
3661
3670
3662
3671
3663
3672
3673
3665
3674
3666
3675
3667
3676
3668
3677
3669
3678
3670
3679
3671
3680
3672
3681
3673
3682
3683
3675
3684
3676
3685
3677
3686
3678
3687
3679
3688
3680
3689
3681
3690
3682
3691
3683
3692
3693
3685
3694
3686
3695
3687
3696
3688
3697
3689
3698
3690
3699
3691
3700
3692
3701
3693
3702
3703
3695
3704
3696
3705
3697
3706
3698
3707
3699
3708
3700
3709
3701
3710
3702
3711
3703
3712
3713
3705
3714
3706
3715
3707
3716
3708
3717
3709
3718
3710
3719
3711
3720
3712
3721
3713
3722
3723
3715
3724
3716
3725
3717
3726
3718
3727
3719
3728
3720
3729
3721
3730
3722
3731
3723
3732
3733
3725
3734
3726
3735
3727
3736
3728
3737
3729
3738
3730
3739
3731
3740
3732
3741
3733
3742
3743
3735
3736
3737
3738
3739
3740
3741
3742
3743
3745
3756
3746
3757
3747
3758
3748
3759
3749
3760
3750
3761
3751
3762
3752
3763
3753
3764
3754
3765
3755
3766
3767
4260
3757
3768
3758
3769
3759
3770
3760
3771
3761
3772
3762
3773
3763
3774
3764
3775
3765
3776
3766
3777
3767
3778
3779
4261
3769
3780
3770
3781
3771
3782
3772
3783
3773
3784
3774
3785
3775
3786
3776
3787
3777
3788
3778
3789
3779
3790
3791
4262
3781
3792
3782
3793
3783
3794
3784
3795
3785
3796
3786
3797
3787
3798
3788
3799
3789
3800
3790
3801
3791
3802
3803
4263
3793
3804
3794
3805
3795
3806
3796
3807
3797
3808
3798
3809
3799
3810
3800
3811
3801
3812
3802
3813
3803
3814
3815
4264
3805
3816
3806
3817
3807
3818
3808
3819
3809
3820
3810
3821
3811
3822
3812
3823
3813
3824
3814
3825
3815
3826
3827
4265
3817
3828
3818
3829
3819
3830
3820
3831
3821
3832
3822
3833
3823
3834
3824
3835
3825
3836
3826
3837
3827
3838
3839
4266
3829
3840
3830
3841
3831
3842
3832
3843
3833
3844
3834
3845
3835
3846
3836
3847
3837
3848
3838
3849
3839
3850
3851
4267
3841
3852
3842
3853
3843
3854
3844
3855
3845
3856
3846
3857
3847
3858
3848
3859
3849
3860
3850
3861
3851
3862
3863
4268
3853
3864
3854
3865
3855
3866
3856
3867
3857
3868
3858
3869
3859
3870
3860
3871
3861
3872
3862
3873
3863
3874
3875
4269
3865
3876
3866
3877
3867
3878
3868
3879
3869
3880
3870
3881
3871
3882
3872
3883
3873
3884
3874
3885
3875
3886
3887
4270
3877
3878
3879
3880
3881
3882
3883
3884
3885
3886
3887
4271
3889
3898
3890
3899
3891
3900
3892
3901
3893
3902
3894
3903
3895
3904
3896
3905
3897
3906
3907
4644
3899
3908
3900
3909
3901
3910
3902
3911
3903
3912
3904
3913
3905
3914
3906
3915
3907
3916
3917
4645
3909
3918
3910
3919
3911
3920
3912
3921
3913
3922
3914
3923
3915
3924
3916
3925
3917
3926
3927
4646
3919
3928
3920
3929
3921
3930
3922
3931
3923
3932
3924
3933
3925
3934
3926
3935
3927
3936
3937
4647
3929
3938
3930
3939
3931
3940
3932
3941
3933
3942
3934
3943
3935
3944
3936
3945
3937
3946
3947
4648
3939
3948
3940
3949
3941
3950
3942
3951
3943
3952
3944
3953
3945
3954
3946
3955
3947
3956
3957
4649
3949
3958
3950
3959
3951
3960
3952
3961
3953
3962
3954
3963
3955
3964
3956
3965
3957
3966
3967
4650
3959
3968
3960
3969
3961
3970
3962
3971
3963
3972
3964
3973
3965
3974
3966
3975
3967
3976
3977
4651
3969
3978
3970
3979
3971
3980
3972
3981
3973
3982
3974
3983
3975
3984
3976
3985
3977
3986
3987
4652
3979
3988
3980
3989
3981
3990
3982
3991
3983
3992
3984
3993
3985
3994
3986
3995
3987
3996
3997
4653
3989
3998
3990
3999
3991
4000
3992
4001
3993
4002
3994
4003
3995
4004
3996
4005
3997
4006
4007
4654
3999
4000
4001
4002
4003
4004
4005
4006
4007
4655
4009
4020
4392
4010
4021
4402
4011
4022
4412
4012
4023
4422
4013
4024
4432
4014
4025
4442
4015
4026
4452
4016
4027
4462
4017
4028
4472
4018
4029
4482
4019
4030
4492
4031
4502
4656
4021
4032
4022
4033
4023
4034
4024
4035
4025
4036
4026
4037
4027
4038
4028
4039
4029
4040
4030
4041
4031
4042
4043
4668
4033
4044
4034
4045
4035
4046
4036
4047
4037
4048
4038
4049
4039
4050
4040
4051
4041
4052
4042
4053
4043
4054
4055
4680
4045
4056
4046
4057
4047
4058
4048
4059
4049
4060
4050
4061
4051
4062
4052
4063
4053
4064
4054
4065
4055
4066
4067
4692
4057
4068
4058
4069
4059
4070
4060
4071
4061
4072
4062
4073
4063
4074
4064
4075
4065
4076
4066
4077
4067
4078
4079
4704
4069
4080
4070
4081
4071
4082
4072
4083
4073
4084
4074
4085
4075
4086
4076
4087
4077
4088
4078
4089
4079
4090
4091
4716
4081
4092
4082
4093
4083
4094
4084
4095
4085
4096
4086
4097
4087
4098
4088
4099
4089
4100
4090
4101
4091
4102
4103
4728
4093
4104
4094
4105
4095
4106
4096
4107
4097
4108
4098
4109
4099
4110
4100
4111
4101
4112
4102
4113
4103
4114
4115
4740
4105
4116
4106
4117
4107
4118
4108
4119
4109
4120
4110
4121
4111
4122
4112
4123
4113
4124
4114
4125
4115
4126
4127
4752
4117
4128
4118
4129
4119
4130
4120
4131
4121
4132
4122
4133
4123
4134
4124
4135
4125
4136
4126
4137
4127
4138
4139
4764
4129
4140
4130
4141
4131
4142
4132
4143
4133
4144
4134
4145
4135
4146
4136
4147
4137
4148
4138
4149
4139
4150
4151
4776
4141
4152
4142
4153
4143
4154
4144
4155
4145
4156
4146
4157
4147
4158
4148
4159
4149
4160
4150
4161
4151
4162
4163
4788
4153
4164
4154
4165
4155
4166
4156
4167
4157
4168
4158
4169
4159
4170
4160
4171
4161
4172
4162
4173
4163
4174
4175
4800
4165
4176
4166
4177
4167
4178
4168
4179
4169
4180
4170
4181
4171
4182
4172
4183
4173
4184
4174
4185
4175
4186
4187
4812
4177
4188
4178
4189
4179
4190
4180
4191
4181
4192
4182
4193
4183
4194
4184
4195
4185
4196
4186
4197
4187
4198
4199
4824
4189
4200
4190
4201
4191
4202
4192
4203
4193
4204
4194
4205
4195
4206
4196
4207
4197
4208
4198
4209
4199
4210
4211
4836
4201
4212
4202
4213
4203
4214
4204
4215
4205
4216
4206
4217
4207
4218
4208
4219
4209
4220
4210
4221
4211
4222
4223
4848
4213
4224
4214
4225
4215
4226
4216
4227
4217
4228
4218
4229
4219
4230
4220
4231
4221
4232
4222
4233
4223
4234
4235
4860
4225
4236
4226
4237
4227
4238
4228
4239
4229
4240
4230
4241
4231
4242
4232
4243
4233
4244
4234
4245
4235
4246
4247
4872
4237
4248
4238
4249
4239
4250
4240
4251
4241
4252
4242
4253
4243
4254
4244
4255
4245
4256
4246
4257
4247
4258
4259
4884
4249
4260
4250
4261
4251
4262
4252
4263
4253
4264
4254
4265
4255
4266
4256
4267
4257
4268
4258
4269
4259
4270
4271
4896
4261
4262
4263
4264
4265
4266
4267
4268
4269
4270
4271
4908
4273
4282
4274
4283
4275
4284
4276
4285
4277
4286
4278
4287
4279
4288
4280
4289
4281
4290
4291
4283
4292
4284
4293
4285
4294
4286
4295
4287
4296
4288
4297
4289
4298
4290
4299
4291
4300
4301
4293
4302
4294
4303
4295
4304
4296
4305
4297
4306
4298
4307
4299
4308
4300
4309
4301
4310
4311
4303
4312
4304
4313
4305
4314
4306
4315
4307
4316
4308
4317
4309
4318
4310
4319
4311
4320
4321
4313
4322
4314
4323
4315
4324
4316
4325
4317
4326
4318
4327
4319
4328
4320
4329
4321
4330
4331
4323
4332
4324
4333
4325
4334
4326
4335
4327
4336
4328
4337
4329
4338
4330
4339
4331
4340
4341
4333
4342
4334
4343
4335
4344
4336
4345
4337
4346
4338
4347
4339
4348
4340
4349
4341
4350
4351
4343
4352
4344
4353
4345
4354
4346
4355
4347
4356
4348
4357
4349
4358
4350
4359
4351
4360
4361
4353
4362
4354
4363
4355
4364
4356
4365
4357
4366
4358
4367
4359
4368
4360
4369
4361
4370
4371
4363
4372
4364
4373
4365
4374
4366
4375
4367
4376
4368
4377
4369
4378
4370
4379
4371
4380
4381
4373
4382
4374
4383
4375
4384
4376
4385
4377
4386
4378
4387
4379
4388
4380
4389
4381
4390
4391
4383
4384
4385
4386
4387
4388
4389
4390
4391
4393
4402
4394
4403
4395
4404
4396
4405
4397
4406
4398
4407
4399
4408
4400
4409
4401
4410
4411
4403
4412
4404
4413
4405
4414
4406
4415
4407
4416
4408
4417
4409
4418
4410
4419
4411
4420
4421
4413
4422
4414
4423
4415
4424
4416
4425
4417
4426
4418
4427
4419
4428
4420
4429
4421
4430
4431
4423
4432
4424
4433
4425
4434
4426
4435
4427
4436
4428
4437
4429
4438
4430
4439
4431
4440
4441
4433
4442
4434
4443
4435
4444
4436
4445
4437
4446
4438
4447
4439
4448
4440
4449
4441
4450
4451
4443
4452
4444
4453
4445
4454
4446
4455
4447
4456
4448
4457
4449
4458
4450
4459
4451
4460
4461
4453
4462
4454
4463
4455
4464
4456
4465
4457
4466
4458
4467
4459
4468
4460
4469
4461
4470
4471
4463
4472
4464
4473
4465
4474
4466
4475
4467
4476
4468
4477
4469
4478
4470
4479
4471
4480
4481
4473
4482
4474
4483
4475
4484
4476
4485
4477
4486
4478
4487
4479
4488
4480
4489
4481
4490
4491
4483
4492
4484
4493
4485
4494
4486
4495
4487
4496
4488
4497
4489
4498
4490
4499
4491
4500
4501
4493
4502
4494
4503
4495
4504
4496
4505
4497
4506
4498
4507
4499
4508
4500
4509
4501
4510
4511
4503
4504
4505
4506
4507
4508
4509
4510
4511
4513
4524
4514
4525
4515
4526
4516
4527
4517
4528
4518
4529
4519
4530
4520
4531
4521
4532
4522
4533
4523
4534
4535
5172
4525
4536
4526
4537
4527
4538
4528
4539
4529
4540
4530
4541
4531
4542
4532
4543
4533
4544
4534
4545
4535
4546
4547
5173
4537
4548
4538
4549
4539
4550
4540
4551
4541
4552
4542
4553
4543
4554
4544
4555
4545
4556
4546
4557
4547
4558
4559
5174
4549
4560
4550
4561
4551
4562
4552
4563
4553
4564
4554
4565
4555
4566
4556
4567
4557
4568
4558
4569
4559
4570
4571
5175
4561
4572
4562
4573
4563
4574
4564
4575
4565
4576
4566
4577
4567
4578
4568
4579
4569
4580
4570
4581
4571
4582
4583
5176
4573
4584
4574
4585
4575
4586
4576
4587
4577
4588
4578
4589
4579
4590
4580
4591
4581
4592
4582
4593
4583
4594
4595
5177
4585
4596
4586
4597
4587
4598
4588
4599
4589
4600
4590
4601
4591
4602
4592
4603
4593
4604
4594
4605
4595
4606
4607
5178
4597
4608
4598
4609
4599
4610
4600
4611
4601
4612
4602
4613
4603
4614
4604
4615
4605
4616
4606
4617
4607
4618
4619
5179
4609
4620
4610
4621
4611
4622
4612
4623
4613
4624
4614
4625
4615
4626
4616
4627
4617
4628
4618
4629
4619
4630
4631
5180
4621
4632
4622
4633
4623
4634
4624
4635
4625
4636
4626
4637
4627
4638
4628
4639
4629
4640
4630
4641
4631
4642
4643
5181
4633
4644
4634
4645
4635
4646
4636
4647
4637
4648
4638
4649
4639
4650
4640
4651
4641
4652
4642
4653
4643
4654
4655
5182
4645
4646
4647
4648
4649
4650
4651
4652
4653
4654
4655
5183
4657
4668
4658
4669
4659
4670
4660
4671
4661
4672
4662
4673
4663
4674
4664
4675
4665
4676
4666
4677
4667
4678
4679
4669
4680
4670
4681
4671
4682
4672
4683
4673
4684
4674
4685
4675
4686
4676
4687
4677
4688
4678
4689
4679
4690
4691
4681
4692
4682
4693
4683
4694
4684
4695
4685
4696
4686
4697
4687
4698
4688
4699
4689
4700
4690
4701
4691
4702
4703
4693
4704
4694
4705
4695
4706
4696
4707
4697
4708
4698
4709
4699
4710
4700
4711
4701
4712
4702
4713
4703
4714
4715
4705
4716
4706
4717
4707
4718
4708
4719
4709
4720
4710
4721
4711
4722
4712
4723
4713
4724
4714
4725
4715
4726
4727
4717
4728
4718
4729
4719
4730
4720
4731
4721
4732
4722
4733
4723
4734
4724
4735
4725
4736
4726
4737
4727
4738
4739
4729
4740
4730
4741
4731
4742
4732
4743
4733
4744
4734
4745
4735
4746
4736
4747
4737
4748
4738
4749
4739
4750
4751
4741
4752
4742
4753
4743
4754
4744
4755
4745
4756
4746
4757
4747
4758
4748
4759
4749
4760
4750
4761
4751
4762
4763
4753
4764
4754
4765
4755
4766
4756
4767
4757
4768
4758
4769
4759
4770
4760
4771
4761
4772
4762
4773
4763
4774
4775
4765
4776
4766
4777
4767
4778
4768
4779
4769
4780
4770
4781
4771
4782
4772
4783
4773
4784
4774
4785
4775
4786
4787
4777
4788
4778
4789
4779
4790
4780
4791
4781
4792
4782
4793
4783
4794
4784
4795
4785
4796
4786
4797
4787
4798
4799
4789
4800
4790
4801
4791
4802
4792
4803
4793
4804
4794
4805
4795
4806
4796
4807
4797
4808
4798
4809
4799
4810
4811
4801
4812
4802
4813
4803
4814
4804
4815
4805
4816
4806
4817
4807
4818
4808
4819
4809
4820
4810
4821
4811
4822
4823
4813
4824
4814
4825
4815
4826
4816
4827
4817
4828
4818
4829
4819
4830
4820
4831
4821
4832
4822
4833
4823
4834
4835
4825
4836
4826
4837
4827
4838
4828
4839
4829
4840
4830
4841
4831
4842
4832
4843
4833
4844
4834
4845
4835
4846
4847
4837
4848
4838
4849
4839
4850
4840
4851
4841
4852
4842
4853
4843
4854
4844
4855
4845
4856
4846
4857
4847
4858
4859
4849
4860
4850
4861
4851
4862
4852
4863
4853
4864
4854
4865
4855
4866
4856
4867
4857
4868
4858
4869
4859
4870
4871
4861
4872
4862
4873
4863
4874
4864
4875
4865
4876
4866
4877
4867
4878
4868
4879
4869
4880
4870
4881
4871
4882
4883
4873
4884
4874
4885
4875
4886
4876
4887
4877
4888
4878
4889
4879
4890
4880
4891
4881
4892
4882
4893
4883
4894
4895
4885
4896
4886
4897
4887
4898
4888
4899
4889
4900
4890
4901
4891
4902
4892
4903
4893
4904
4894
4905
4895
4906
4907
4897
4908
4898
4909
4899
4910
4900
4911
4901
4912
4902
4913
4903
4914
4904
4915
4905
4916
4906
4917
4907
4918
4919
4909
4910
4911
4912
4913
4914
4915
4916
4917
4918
4919
4921
4932
4922
4933
4923
4934
4924
4935
4925
4936
4926
4937
4927
4938
4928
4939
4929
4940
4930
4941
4931
4942
4943
4933
4944
4934
4945
4935
4946
4936
4947
4937
4948
4938
4949
4939
4950
4940
4951
4941
4952
4942
4953
4943
4954
4955
4945
4956
4946
4957
4947
4958
4948
4959
4949
4960
4950
4961
4951
4962
4952
4963
4953
4964
4954
4965
4955
4966
4967
4957
4968
4958
4969
4959
4970
4960
4971
4961
4972
4962
4973
4963
4974
4964
4975
4965
4976
4966
4977
4967
4978
4979
4969
4980
4970
4981
4971
4982
4972
4983
4973
4984
4974
4985
4975
4986
4976
4987
4977
4988
4978
4989
4979
4990
4991
4981
4992
4982
4993
4983
4994
4984
4995
4985
4996
4986
4997
4987
4998
4988
4999
4989
5000
4990
5001
4991
5002
5003
4993
5004
4994
5005
4995
5006
4996
5007
4997
5008
4998
5009
4999
5010
5000
5011
5001
5012
5002
5013
5003
5014
5015
5005
5016
5006
5017
5007
5018
5008
5019
5009
5020
5010
5021
5011
5022
5012
5023
5013
5024
5014
5025
5015
5026
5027
5017
5028
5018
5029
5019
5030
5020
5031
5021
5032
5022
5033
5023
5034
5024
5035
5025
5036
5026
5037
5027
5038
5039
5029
5040
5030
5041
5031
5042
5032
5043
5033
5044
5034
5045
5035
5046
5036
5047
5037
5048
5038
5049
5039
5050
5051
5041
5052
5042
5053
5043
5054
5044
5055
5045
5056
5046
5057
5047
5058
5048
5059
5049
5060
5050
5061
5051
5062
5063
5053
5064
5054
5065
5055
5066
5056
5067
5057
5068
5058
5069
5059
5070
5060
5071
5061
5072
5062
5073
5063
5074
5075
5065
5076
5066
5077
5067
5078
5068
5079
5069
5080
5070
5081
5071
5082
5072
5083
5073
5084
5074
5085
5075
5086
5087
5077
5088
5078
5089
5079
5090
5080
5091
5081
5092
5082
5093
5083
5094
5084
5095
5085
5096
5086
5097
5087
5098
5099
5089
5100
5090
5101
5091
5102
5092
5103
5093
5104
5094
5105
5095
5106
5096
5107
5097
5108
5098
5109
5099
5110
5111
5101
5112
5102
5113
5103
5114
5104
5115
5105
5116
5106
5117
5107
5118
5108
5119
5109
5120
5110
5121
5111
5122
5123
5113
5124
5114
5125
5115
5126
5116
5127
5117
5128
5118
5129
5119
5130
5120
5131
5121
5132
5122
5133
5123
5134
5135
5125
5136
5126
5137
5127
5138
5128
5139
5129
5140
5130
5141
5131
5142
5132
5143
5133
5144
5134
5145
5135
5146
5147
5137
5148
5138
5149
5139
5150
5140
5151
5141
5152
5142
5153
5143
5154
5144
5155
5145
5156
5146
5157
5147
5158
5159
5149
5160
5150
5161
5151
5162
5152
5163
5153
5164
5154
5165
5155
5166
5156
5167
5157
5168
5158
5169
5159
5170
5171
5161
5172
5162
5173
5163
5174
5164
5175
5165
5176
5166
5177
5167
5178
5168
5179
5169
5180
5170
5181
5171
5182
5183
5173
5174
5175
5176
5177
5178
5179
5180
5181
5182
5183
)


// ************************************************************************* //
